#Grid
g <- 50 * 16 + 10 * 16 #| 960

#Space
s <- 10
#Margin
m <- 0
#Columns
c <- 16
#Range
n <- 0:c
b <- 50
n * b - s * 2


f = 960
n = 1:16
c = 16
g = 10
f = n*c + n-1*g
