types <- factor(c('gold', 'silver', 'gems', 'gold', 'gems'))
weights <- c(300, 200, 100, 250, 150)
prices <- c(9000, 5000, 12000, 7500, 18000)

treasures <- data.frame(weights, prices, types)